[gd_scene load_steps=7 format=3 uid="uid://cndh4irafpd27"]

[ext_resource type="PackedScene" uid="uid://b4nrayrilwis7" path="res://assets/models/dust_2/de_dust_2.tscn" id="1_v81al"]
[ext_resource type="PackedScene" uid="uid://c1i4665nmhwax" path="res://fps_enemy_template.tscn" id="2_67qoq"]
[ext_resource type="PackedScene" uid="uid://d2hv3elprw2ee" path="res://fps_player_template.tscn" id="3_b4hk2"]

[sub_resource type="ProceduralSkyMaterial" id="ProceduralSkyMaterial_67qoq"]
sky_horizon_color = Color(0.662243, 0.671743, 0.686743, 1)
ground_horizon_color = Color(0.662243, 0.671743, 0.686743, 1)

[sub_resource type="Sky" id="Sky_b4hk2"]
sky_material = SubResource("ProceduralSkyMaterial_67qoq")

[sub_resource type="Environment" id="Environment_hcg5i"]
background_mode = 2
sky = SubResource("Sky_b4hk2")
tonemap_mode = 2

[node name="FpsWorld1" type="Node3D"]
transform = Transform3D(1, 0, 0, 0, 1, 0, 0, 0, 1, 0.0468025, 0.165274, 0.264919)

[node name="WorldEnvironment" type="WorldEnvironment" parent="."]
environment = SubResource("Environment_hcg5i")

[node name="DirectionalLight3D" type="DirectionalLight3D" parent="."]
transform = Transform3D(-0.866023, -0.433016, 0.250001, 0, 0.499998, 0.866027, -0.500003, 0.749999, -0.43301, 0, 0, 0)
shadow_enabled = true

[node name="Sketchfab_Scene" parent="." instance=ExtResource("1_v81al")]
transform = Transform3D(1.7, 0, 0, 0, 1.7, 0, 0, 0, 1.7, -6.02463, 0, -4.28336)

[node name="fps_enemy" parent="." instance=ExtResource("2_67qoq")]
transform = Transform3D(1, 0, 0, 0, 1, 0, 0, 0, 1, -18.4008, -2.63627, -45.9239)

[node name="fps_enemy2" parent="." instance=ExtResource("2_67qoq")]
transform = Transform3D(1, 0, 0, 0, 1, 0, 0, 0, 1, 2.02922, 1.9551, -49.1322)

[node name="fps_enemy3" parent="." instance=ExtResource("2_67qoq")]
transform = Transform3D(-0.0919188, 0, -0.995767, 0, 1, 0, 0.995767, 0, -0.0919188, 45.2864, 2.96241, -29.233)

[node name="fps_enemy4" parent="." instance=ExtResource("2_67qoq")]
transform = Transform3D(0.995944, 0, 0.089972, 0, 1, 0, -0.089972, 0, 0.995944, 35.7189, 1.27621, -72.464)

[node name="fps_enemy5" parent="." instance=ExtResource("2_67qoq")]
transform = Transform3D(-0.121124, 0, 0.992637, 0, 1, 0, -0.992637, 0, -0.121124, -20.9724, -2.49573, -66.8839)

[node name="fps_player" parent="." instance=ExtResource("3_b4hk2")]
transform = Transform3D(1, 0, 0, 0, 1, 0, 0, 0, 1, -16.7388, 1, -15.0441)
