[gd_scene load_steps=7 format=3 uid="uid://f4te4joik1dv"]

[ext_resource type="MeshLibrary" uid="uid://dlv2awqwx6ree" path="res://assets/meshes/rc_tiles_1.tres" id="1_orelr"]
[ext_resource type="PackedScene" uid="uid://b8263va8q2kn1" path="res://rc_player.tscn" id="2_w7q12"]
[ext_resource type="PackedScene" uid="uid://cv5n4imougkru" path="res://rc_enemy.tscn" id="3_rjgen"]

[sub_resource type="ProceduralSkyMaterial" id="ProceduralSkyMaterial_l1t78"]
sky_horizon_color = Color(0.662243, 0.671743, 0.686743, 1)
ground_horizon_color = Color(0.662243, 0.671743, 0.686743, 1)

[sub_resource type="Sky" id="Sky_orelr"]
sky_material = SubResource("ProceduralSkyMaterial_l1t78")

[sub_resource type="Environment" id="Environment_w7q12"]
background_mode = 2
sky = SubResource("Sky_orelr")
tonemap_mode = 2

[node name="rc_world_1" type="Node3D"]

[node name="WorldEnvironment" type="WorldEnvironment" parent="."]
environment = SubResource("Environment_w7q12")

[node name="DirectionalLight3D" type="DirectionalLight3D" parent="."]
transform = Transform3D(-0.866023, -0.433016, 0.250001, 0, 0.499998, 0.866027, -0.500003, 0.749999, -0.43301, 0, 0, 0)
shadow_enabled = true

[node name="GridMap" type="GridMap" parent="."]
mesh_library = ExtResource("1_orelr")
cell_size = Vector3(4, 4, 4)
cell_center_y = false
cell_scale = 4.0
data = {
"cells": PackedInt32Array(4, 3, 177, 3, 3, 180, 65536, 3, 182, 5, 3, 182, 6, 3, 182, 7, 3, 182, 8, 3, 182, 9, 3, 182, 10, 3, 182, 11, 3, 182, 12, 3, 182, 131071, 4, 655542, 131070, 4, 655542, 131069, 4, 655542, 13, 4, 655561, 18, 3, 201, 19, 3, 203, 20, 3, 203, 21, 3, 203, 22, 3, 203, 23, 4, 655545, 26, 7, 185, 27, 8, 655546, 29, 11, 1048779, 29, 12, 1048779, 29, 13, 1048779, 29, 14, 1048777, 65565, 17, 1048779, 65565, 18, 1048779, 65565, 19, 1048779, 65565, 20, 1048779, 65565, 21, 1048779, 65565, 22, 1048779, 65565, 23, 1048779, 65565, 24, 1048779, 65565, 25, 1048779, 65565, 26, 1048779, 65565, 27, 1048773, 65565, 28, 1048779, 65565, 29, 1441997, 65565, 30, 1048781, 65564, 33, 1048779, 65564, 34, 1048779, 65564, 35, 1048779, 65564, 36, 1048761, 65562, 37, 201, 131095, 37, 201, 196628, 37, 203, 196627, 37, 203, 196626, 37, 203, 196625, 37, 203, 196624, 37, 203, 196623, 37, 203, 196622, 37, 201, 65540, 38, 655561, 65539, 37, 203, 65538, 37, 203, 65537, 37, 203, 65536, 37, 203, 131071, 37, 203, 131070, 37, 203, 131069, 37, 203, 131068, 37, 203, 131067, 37, 186, 131065, 34, 1441977, 131067, 31, 1048761, 131067, 30, 1048779, 131067, 29, 1048779, 131067, 28, 1048779, 131067, 27, 1048779, 131067, 26, 1048779, 131066, 25, 655545, 131065, 25, 655563, 131064, 25, 655563, 131063, 25, 655563, 131062, 25, 655563, 131061, 25, 655563, 131060, 25, 655563, 131059, 25, 655563, 131058, 24, 203, 131057, 24, 185, 131056, 21, 1048781, 131056, 20, 1048780, 131056, 19, 1048780, 131056, 18, 1048780, 131056, 17, 1048780, 131056, 16, 1441997, 131057, 13, 1441993, 131056, 6, 1048777, 131057, 5, 1441977, 131059, 4, 655542, 131060, 4, 655542, 131061, 4, 655542, 131062, 4, 655542, 131063, 4, 655542, 131064, 4, 655542, 131065, 4, 655542, 131066, 4, 655542, 131067, 4, 655542, 131068, 4, 655542)
}
metadata/_editor_floor_ = Vector3(0, 1, 0)

[node name="rc_player" parent="." instance=ExtResource("2_w7q12")]
transform = Transform3D(0.000436381, 0, -1, 0, 1, 0, 1, 0, 0.000436381, 18.3605, 0.263546, 15.6401)

[node name="rc_enemy" parent="." instance=ExtResource("3_rjgen")]
transform = Transform3D(-0.0722822, 0.0198164, 0.997188, -0.00223295, 0.999797, -0.0200302, -0.997382, -0.00367449, -0.0722233, 37.7545, 0.0317688, 14.6396)

[node name="rc_enemy4" parent="." instance=ExtResource("3_rjgen")]
transform = Transform3D(0.0183931, 0.0200679, 0.99963, -0.00223295, 0.999797, -0.0200302, -0.999829, -0.00186371, 0.0184342, 37.5356, 0.0317688, 19.9657)

[node name="rc_enemy5" parent="." instance=ExtResource("3_rjgen")]
transform = Transform3D(-0.0321798, 0.019948, 0.999283, -0.00223295, 0.999797, -0.0200302, -0.99948, -0.00287592, -0.0321287, 37.6922, 0.0317688, 12.789)

[node name="rc_enemy3" parent="." instance=ExtResource("3_rjgen")]
transform = Transform3D(-4.37114e-08, 0.00349065, 0.999994, 0, 0.999994, -0.00349065, -1, -1.52581e-10, -4.37111e-08, 37.6389, 0.0081246, 17.0514)
