[gd_scene load_steps=8 format=3 uid="uid://b2ownikcmblr7"]

[ext_resource type="PackedScene" uid="uid://cponqcw7k51d0" path="res://player_3d.tscn" id="1_m1a4f"]

[sub_resource type="ProceduralSkyMaterial" id="ProceduralSkyMaterial_qt2g1"]
sky_horizon_color = Color(0.64625, 0.65575, 0.67075, 1)
ground_horizon_color = Color(0.64625, 0.65575, 0.67075, 1)

[sub_resource type="Sky" id="Sky_s5fx5"]
sky_material = SubResource("ProceduralSkyMaterial_qt2g1")

[sub_resource type="Environment" id="Environment_dscxw"]
background_mode = 2
sky = SubResource("Sky_s5fx5")
tonemap_mode = 2

[sub_resource type="PlaneMesh" id="PlaneMesh_3vbou"]
size = Vector2(500, 500)

[sub_resource type="StandardMaterial3D" id="StandardMaterial3D_jby26"]
albedo_color = Color(0.468434, 0.359269, 0.462267, 1)

[sub_resource type="StandardMaterial3D" id="StandardMaterial3D_nc42o"]
albedo_color = Color(0.452116, 0.489925, 2.88785e-07, 1)

[node name="scene_3d" type="Node3D"]

[node name="WorldEnvironment" type="WorldEnvironment" parent="."]
environment = SubResource("Environment_dscxw")

[node name="DirectionalLight3D" type="DirectionalLight3D" parent="."]
transform = Transform3D(-0.866025, -0.433013, 0.25, 0, 0.5, 0.866025, -0.5, 0.75, -0.433013, 0, 0, 0)
light_indirect_energy = 16.0
light_volumetric_fog_energy = 16.0
shadow_enabled = true

[node name="CSGMesh3D" type="CSGMesh3D" parent="."]
use_collision = true
mesh = SubResource("PlaneMesh_3vbou")
material = SubResource("StandardMaterial3D_jby26")

[node name="player3d" parent="." instance=ExtResource("1_m1a4f")]
transform = Transform3D(1, 0, 0, 0, 1, 0, 0, 0, 1, 0, 1.14188, 0)
wall_min_slide_angle = 0.261799

[node name="Camera3D" type="Camera3D" parent="."]
transform = Transform3D(0.9997, 0.00220776, -0.0243978, 0.00722635, 0.925038, 0.379807, 0.0234074, -0.37987, 0.924744, 0.137426, 5.69615, 7.67099)

[node name="CSGBox3D" type="CSGBox3D" parent="."]
transform = Transform3D(1, 0, 0, 0, 1, 0, 0, 0, 1, -0.933502, 0.849868, -5.05781)
use_collision = true
size = Vector3(6.02936, 0.347656, 3.88477)
material = SubResource("StandardMaterial3D_nc42o")

[node name="CSGBox3D2" type="CSGBox3D" parent="."]
transform = Transform3D(0.731449, 0, 0.681896, 0, 1, 0, -0.681896, 0, 0.731449, -0.933502, 1.48388, -10.8704)
use_collision = true
size = Vector3(6.02936, 0.347656, 3.88477)
material = SubResource("StandardMaterial3D_nc42o")

[node name="CSGBox3D3" type="CSGBox3D" parent="."]
transform = Transform3D(0.996826, 0, 0.0796074, 0, 1, 0, -0.0796074, 0, 0.996826, 0.852905, 2.47014, -13.7445)
use_collision = true
size = Vector3(2.27737, 0.347656, 1.78369)
material = SubResource("StandardMaterial3D_nc42o")

[node name="CSGBox3D4" type="CSGBox3D" parent="."]
transform = Transform3D(0.996826, 0, 0.0796074, 0, 1, 0, -0.0796074, 0, 0.996826, 0.852905, 2.92953, -16.3435)
use_collision = true
size = Vector3(2.27737, 0.347656, 1.78369)
material = SubResource("StandardMaterial3D_nc42o")
